%YAML:1.0
---
camera_matrix: !!opencv-matrix
   rows: 3
   cols: 3
   dt: d
   data: [ 1564.9052400030023, 0., 952.4411816216442, 0.,
       1564.9052400030023, 545.36857032479486, 0., 0., 1. ]
distortion_coefficients: !!opencv-matrix
   rows: 5
   cols: 1
   dt: d
   data: [ -0.0033749813921794972, -0.0061056397333572607,
       -0.0010657839493259287, -0.00042333685645360017,
       -0.016983402447600396 ]
