%YAML:1.0
---
camera_matrix: !!opencv-matrix
   rows: 3
   cols: 3
   dt: d
   data: [ 923.48720746820288, 0., 849.69969251465704, 0.,
       923.48720746820288, 532.63711073603713, 0., 0., 1. ]
distortion_coefficients: !!opencv-matrix
   rows: 5
   cols: 1
   dt: d
   data: [ 0.122710378795687, -0.071271398178366557,
       -0.035846860633371481, -0.042088163367370833,
       0.030134019232458672 ]
